      1 1200 1300 1400 1500 1600 1500
      3 1300 1400 1500 1600 1700 1650
      6 1200 1300 1400 1500 1600 1530
      7 1200 1300 1400 1500 1600 1540
      9 1300 1400 1500 1600 1700 1640
     10 1300 1400 1500 1600 1700 1620
     12 1600 1700 1800 1900 2000 1980
     14 1400 1500 1600 1700 1800 1720
     15 1400 1500 1600 1700 1800 1720
     16 1600 1700 1800 1900 2000 1950
     18 1400 1500 1600 1700 1800 1720
     19 1300 1400 1500 1600 1700 1630
     21 1600 1700 1800 1900 2000 1970
     22 1300 1400 1500 1600 1700 1560
     24 1500 1600 1700 1800 1900 1790
     25 1300 1400 1500 1600 1700 1630
     26 1600 1700 1800 1900 2000 1900
     27 1600 1700 1800 1900 2000 1860
     28 1400 1500 1600 1700 1800 1720
     29 1400 1500 1600 1700 1800 1720
     30 1600 1700 1800 1900 2000 1940
     31 1600 1700 1800 1900 2000 1890
     32 1300 1400 1500 1600 1700 1560
     33 1400 1500 1600 1700 1800 1700
     34 1400 1500 1600 1700 1800 1660
     37 1400 1500 1600 1700 1800 1710
     39 1400 1500 1600 1700 1800 1700
     42 1600 1700 1800 1900 2000 1970
     43 1600 1700 1800 1900 2000 1930
     47 1300 1400 1500 1600 1700 1590
     48 1400 1500 1600 1700 1800 1700
     49 1200 1300 1400 1500 1600 1530
     50 1200 1300 1400 1500 1600 1530
     51 1100 1200 1300 1400 1500 1410
     53 1300 1400 1500 1600 1700 1610
     54 1300 1400 1500 1600 1700 1630
     55 1400 1500 1600 1700 1800 1730
     56 1400 1500 1600 1700 1800 1680
     57 1400 1500 1600 1700 1800 1720
     59 1300 1400 1500 1600 1700 1560
     61 1300 1400 1500 1600 1700 1600
     63 1400 1500 1600 1700 1800 1730
     65 1600 1700 1800 1900 2000 1930
     66 1500 1600 1700 1800 1900 1820
     67 1400 1500 1600 1700 1800 1690
     73 1500 1600 1700 1800 1900 1840
     74 1500 1600 1700 1800 1900 1820
     75 1600 1700 1800 1900 2000 1880
     76 1600 1700 1800 1900 2000 1860
     78 1600 1700 1800 1900 2000 1950
     81 1600 1700 1800 1900 2000 1970
     82 1400 1500 1600 1700 1800 1680
     83 1300 1400 1500 1600 1700 1610
     84 1200 1300 1400 1500 1600 1530
     87 1500 1600 1700 1800 1900 1780
     88 1300 1400 1500 1600 1700 1570
     90 1300 1400 1500 1600 1700 1570
     92 1500 1600 1700 1800 1900 1830
     94 1600 1700 1800 1900 2000 1870
     96 1500 1600 1700 1800 1900 1800
     97 1400 1500 1600 1700 1800 1680
     98 1200 1300 1400 1500 1600 1530
     99 1400 1500 1600 1700 1800 1740
    102 1400 1500 1600 1700 1800 1660
    103 1400 1500 1600 1700 1800 1710
    104 1300 1400 1500 1600 1700 1610
    105 1300 1400 1500 1600 1700 1590
    106 1100 1200 1300 1400 1500 1440
    107 1100 1200 1300 1400 1500 1350
    108 1100 1200 1300 1400 1500 1410
    111 1100 1200 1300 1400 1500 1440
    112 1600 1700 1800 1900 2000 1850
    113 1100 1200 1300 1400 1500 1410
    114 1200 1300 1400 1500 1600 1480
    115 1300 1400 1500 1600 1700 1550
    116 1000 1100 1200 1300 1400 1310
    117 1000 1100 1200 1300 1400 1310
    118 1600 1700 1800 1900 2000 1870
    119 1100 1200 1300 1400 1500 1360
    120 1000 1100 1200 1300 1400 1280
    121 1200 1300 1400 1500 1600 1470
    122 1000 1100 1200 1300 1400 1280
    123 1000 1100 1200 1300 1400 1310
    124 1000 1100 1200 1300 1400 1310
    125 1600 1700 1800 1900 2000 1900
    126 1300 1400 1500 1600 1700 1630
    127 1100 1200 1300 1400 1500 1360
    129 1300 1400 1500 1600 1700 1610
    130 1400 1500 1600 1700 1800 1660
    131 1200 1300 1400 1500 1600 1500
    132 1100 1200 1300 1400 1500 1380
    133 1000 1100 1200 1300 1400 1290
    134 900 1000 1100 1200 1300 1230
    135 1000 1100 1200 1300 1400 1340
    136 1200 1300 1400 1500 1600 1500
    138 1000 1100 1200 1300 1400 1320
    139 1200 1300 1400 1500 1600 1510
    140 1200 1300 1400 1500 1600 1520
    141 1100 1200 1300 1400 1500 1430
    142 1200 1300 1400 1500 1600 1460
    143 1000 1100 1200 1300 1400 1310
    145 1400 1500 1600 1700 1800 1690
    146 1300 1400 1500 1600 1700 1630
    147 1200 1300 1400 1500 1600 1490
    148 1000 1100 1200 1300 1400 1310
    149 1200 1300 1400 1500 1600 1520
    150 900 1000 1100 1200 1300 1240
    152 1000 1100 1200 1300 1400 1290
    153 1000 1100 1200 1300 1400 1270
    154 1100 1200 1300 1400 1500 1390
    155 1200 1300 1400 1500 1600 1540
    157 1000 1100 1200 1300 1400 1270
    158 1000 1100 1200 1300 1400 1280
    159 1000 1100 1200 1300 1400 1280
    160 1400 1500 1600 1700 1800 1680
    161 1000 1100 1200 1300 1400 1320
    162 1100 1200 1300 1400 1500 1350
    163 1100 1200 1300 1400 1500 1410
    164 1000 1100 1200 1300 1400 1280
    165 1000 1100 1200 1300 1400 1340
    166 1100 1200 1300 1400 1500 1370
    167 1200 1300 1400 1500 1600 1530
    169 1200 1300 1400 1500 1600 1450
    170 1300 1400 1500 1600 1700 1550
    171 1300 1400 1500 1600 1700 1610
